0 305.497 328.494
1 917.495 328.494
2 1529.5 328.494
3 2141.49 328.494
4 2753.48 328.494
5 3365.49 328.494
6 3977.48 328.494
7 4589.48 328.494
8 5201.47 328.494
9 5813.51 328.494
10 6425.47 328.494
11 7037.48 328.495
12 7649.45 328.495
13 8261.43 328.495
14 8873.47 328.495
15 9485.5 328.495
16 10097.5 328.495
17 10709.4 328.495
18 305.497 986.489
19 917.495 986.489
20 1529.5 986.489
21 2141.49 986.49
22 2753.48 986.49
23 3365.49 986.49
24 3977.48 986.49
25 4589.48 986.491
26 5201.47 986.491
27 5813.51 986.489
28 6425.46 986.492
29 7037.48 986.491
30 7649.46 986.494
31 8261.43 986.496
32 8873.47 986.494
33 9485.5 986.49
34 10097.5 986.496
35 10709.4 986.504
36 305.497 1644.5
37 917.495 1644.5
38 1529.5 1644.5
39 2141.49 1644.5
40 2753.48 1644.5
41 3365.49 1644.5
42 3977.48 1644.5
43 4589.48 1644.5
44 5201.47 1644.5
45 5813.51 1644.5
46 6425.46 1644.49
47 7037.48 1644.5
48 7649.46 1644.49
49 8261.43 1644.49
50 8873.47 1644.49
51 9485.5 1644.5
52 10097.5 1644.49
53 10709.4 1644.48
54 305.497 2302.51
55 917.495 2302.51
56 1529.5 2302.51
57 2141.49 2302.51
58 2753.48 2302.5
59 3365.48 2302.5
60 3977.48 2302.5
61 4589.48 2302.5
62 5201.47 2302.49
63 5813.51 2302.51
64 6425.47 2302.49
65 7037.48 2302.5
66 7649.45 2302.48
67 8261.43 2302.46
68 8873.46 2302.48
69 9485.51 2302.5
70 10097.5 2302.46
71 10709.4 2302.41
72 305.497 2960.49
73 917.495 2960.49
74 1529.5 2960.49
75 2141.49 2960.49
76 2753.48 2960.5
77 3365.49 2960.5
78 3977.48 2960.5
79 4589.48 2960.5
80 5201.47 2960.51
81 5813.51 2960.49
82 6425.46 2960.51
83 7037.48 2960.5
84 7649.46 2960.52
85 8261.43 2960.54
86 8873.47 2960.52
87 9485.5 2960.5
88 10097.5 2960.53
89 10709.4 2960.59
90 305.497 3618.42
91 917.495 3618.41
92 1529.51 3618.42
93 2141.49 3618.41
94 2753.49 3618.41
95 3365.49 3618.41
96 3977.48 3618.41
97 4589.47 3618.41
98 5201.46 3618.41
99 5813.53 3618.42
100 6425.43 3618.41
101 7037.42 3618.41
102 7649.53 3618.41
103 8261.44 3618.4
104 8873.48 3618.41
105 9485.35 3618.41
106 10097.1 3618.39
107 10709.3 3618.38
108 305.497 4276.48
109 917.495 4276.48
110 1529.5 4276.48
111 2141.49 4276.48
112 2753.48 4276.48
113 3365.49 4276.48
114 3977.48 4276.47
115 4589.48 4276.47
116 5201.47 4276.47
117 5813.51 4276.48
118 6425.46 4276.46
119 7037.46 4276.47
120 7649.47 4276.45
121 8261.43 4276.44
122 8873.47 4276.46
123 9485.47 4276.47
124 10097.4 4276.44
125 10709.4 4276.39
126 305.497 4934.41
127 917.495 4934.41
128 1529.51 4934.41
129 2141.48 4934.41
130 2753.49 4934.41
131 3365.5 4934.41
132 3977.49 4934.41
133 4589.47 4934.41
134 5201.46 4934.41
135 5813.53 4934.41
136 6425.44 4934.41
137 7037.39 4934.41
138 7649.57 4934.41
139 8261.44 4934.4
140 8873.48 4934.41
141 9485.27 4934.4
142 10097 4934.38
143 10709.2 4934.39
144 305.497 5592.49
145 917.495 5592.49
146 1529.5 5592.48
147 2141.49 5592.49
148 2753.49 5592.49
149 3365.49 5592.49
150 3977.48 5592.5
151 4589.48 5592.51
152 5201.47 5592.52
153 5813.51 5592.48
154 6425.46 5592.53
155 7037.46 5592.51
156 7649.48 5592.56
157 8261.44 5592.59
158 8873.47 5592.54
159 9485.46 5592.49
160 10097.4 5592.57
161 10709.4 5592.7
162 305.497 6250.47
163 917.495 6250.47
164 1529.5 6250.47
165 2141.49 6250.47
166 2753.49 6250.46
167 3365.49 6250.46
168 3977.48 6250.45
169 4589.47 6250.45
170 5201.47 6250.44
171 5813.52 6250.48
172 6425.46 6250.43
173 7037.44 6250.44
174 7649.5 6250.4
175 8261.44 6250.36
176 8873.47 6250.41
177 9485.41 6250.45
178 10097.3 6250.37
179 10709.3 6250.24
180 305.497 6908.4
181 917.494 6908.39
182 1529.52 6908.39
183 2141.48 6908.38
184 2753.5 6908.37
185 3365.51 6908.37
186 3977.49 6908.35
187 4589.45 6908.33
188 5201.46 6908.29
189 5813.56 6908.44
190 6425.39 6908.22
191 7037.3 6908.29
192 7649.66 6908.18
193 8261.44 6908.02
194 8873.5 6908.2
195 9485.09 6908.36
196 10096.6 6907.96
197 10709 6907.58
198 305.497 7566.41
199 917.495 7566.41
200 1529.52 7566.41
201 2141.48 7566.41
202 2753.49 7566.4
203 3365.5 7566.4
204 3977.49 7566.39
205 4589.46 7566.39
206 5201.46 7566.37
207 5813.54 7566.42
208 6425.43 7566.36
209 7037.34 7566.37
210 7649.61 7566.34
211 8261.44 7566.28
212 8873.49 7566.35
213 9485.17 7566.39
214 10096.7 7566.27
215 10709.1 7566.12
